20841
23437
23969
564
22638
18765
595
18496
6111
20913
19402
5081
10014
6388
23331
3733
22456
17060
4841
22750
16508
25566
8590
10387
16239
19105
19898
1447
192
21546
22492
10650
10908
3450
3599
11174
9667
14842
26929
11468
25374
23961
7079
21076
17295
19574
26902
7754
2021
22202
12557
11533
23473
25623
1380
1423
13422
8616
5072
22614
19860
3070
23926
8138
10761
5361
17695
12848
197
18509
3379
12147
24312
13845
12524
23379
19282
13161
10683
14099
6454
26069
20625
6213
25576
12273
22765
26197
8277
7699
405
20267
19007
5089
18801
21441
102
4301
3410
6561
15677
16643
13669
7147
38
7400
4595
17797
7429
18882
18628
275
25125
15983
20271
10136
21557
25032
1297
2445
19626
6727
14675
17861
395
7783
26972
25796
22616
9632
12996
2083
17016
13760
10095
23175
7259
14852
15069
21466
942
16818
20240
10298
26894
9319
6556
369
12414
9020
12527
5825
2491
6339
1476
18551
20649
6682
17590
6406
982
26563
25262
20942
21348
19641
23431
5926
1575
20764
18251
2671
16762
1822
3438
6294
1288
17497
21485
17831
7686
18417
12699
24207
13746
9198
26161
112
10946
6377
4362
7596
12383
7721
20606
1210
26512
17753
6620
6869
3471
10661
1748
14332
2392
12704
17631
3166
11333
22574
23394
9905
11250
7055
26351
6642
2986
18640
16697
11234
422
12181
7855
5541
2814
26928
23375
11633
16288
24624
14711
26322
6506
7284
14579
17655
11477
10987
7078
25359
9273
22354
19446
17713
4969
18292
7497
23666
2147
16474
15945
21509
4916
8380
26159
18277
16992
15544
4488
18669
11372
3186
17228
7520
5540
21904
3176
23149
4716
10866
7487
9791
4989
26331
18414
7153
12341
3653
25347
18278
26875
20811
5918
23628
24268
21182
8891
12568
24566
19565
11945
9815
20517
6625
1282
10162
16299
18013
19853
3798
5599
2473
2505
10579
17852
25897
6768
12616
14153
4146
23967
20983
5859
18643
18380
25160
16653
6777
2050
21132
15412
21277
18550
21865
1240
20530
21220
22893
24990
5783
26492
23084
22080
15684
23818
9616
9775
5683
25965
23971
9217
26412
26070
15271
21246
22877
16927
3790
7635
19755
14330
5530
23474
26397
5663
18686
14300
26635
19931
9728
24716
1625
16395
13230
3116
6070
19415
19134
5922
5866
5887
10352
20194
21729
5219
22911
18389
8748
6438
8758
14493
16006
12220
12778
10229
23919
22159
10397
16734
8454
11807
10577
9387
25814
20228
14217
17627
10105
19382
25748
796
9928
12215
3117
14716
2637
18420
7097
19807
3037
6380
845
10719
12622
3369
18196
26266
21154
16125
22477
8950
20286
12391
19631
16695
9555
23110
21414
16139
18726
5479
14193
22360
3293
8475
25322
13715
18626
11947
19912
15630
9450
11401
25199
24311
5735
7982
16492
5472
19746
9291
9376
9136
23452
9403
11206
25951
8456
7165
8492
23636
22720
23253
13531
934
6280
22705
23996
8639
11871
5971
15891
20053
12916
11588
5830
24010
18018
11450
8247
25921
22525
5176
23990
11285
22974
18388
6464
21749
13234
20359
7169
25285
25396
13040
20207
13713
21495
14760
24509
9913
24274
10822
21360
24124
635
14354
2918
19826
7411
16274
14491
2093
52
513
16000
17890
13552
4884
16230
9285
8968
26709
14674
14891
13589
12339
22274
23206
11821
6950
20459
21764
13135
21827
15281
11787
1710
24018
12255
24230
12256
15748
1703
784
25700
13883
26046
22394
22225
9712
14864
842
9301
15065
8476
21484
19818
3873
12072
19708
16994
26468
12552
11481
1924
2583
3449
12354
25406
21070
22921
946
26137
998
13398
2359
10999
17187
19883
15396
7601
22172
14110
15740
5856
2569
1955
3800
8719
1925
19905
16257
7727
7947
2833
4389
13865
7879
20168
21841
6075
9872
13904
25858
4297
10852
16495
12583
2734
13498
8924
13041
10371
4298
5263
24936
6420
23655
9612
10386
19276
25331
26016
20486
20353
6488
2686
15331
10810
13780
24772
2451
925
10557
20894
20499
2535
23865
1126
24625
18791
16745
1096
17819
13942
617
12060
25448
17456
13207
5311
20903
7500
9192
18758
21829
13375
9456
24522
970
5921
18448
14758
17468
17589
5752
14543
20387
11442
25733
13572
19433
20593
4162
17885
10458
26355
10774
26966
4770
21889
1699
12640
11027
25907
292
15672
11764
1225
3481
22102
21351
8796
18421
5680
13072
22852
15975
1620
13786
12297
20835
26602
6949
14571
4239
6521
4113
22091
2825
25162
2338
6662
13901
7047
25843
12496
11732
26389
25112
17307
17333
15380
11540
25855
6352
24906
1172
24378
23530
16635
3834
25841
8144
11257
13226
23124
9647
24392
875
4324
5710
16731
26037
586
2694
12581
22406
25147
1933
3190
17544
23075
3141
24535
14566
26930
4191
2475
16076
13604
13353
16961
26999
11405
20484
17955
5587
20375
21842
287
17894
21718
21832
21867
15700
7651
5169
6257
19683
11258
6426
4711
12056
24299
3485
142
17087
20083
16552
9322
22580
23650
21717
12430
24677
22150
9927
6748
24817
918
17482
11939
10111
4228
1998
3132
2444
19404
24652
7977
1543
19009
649
21439
26092
18887
13866
22825
19751
10794
12796
18719
2289
7107
12696
23309
18635
14575
18319
3314
19523
11429
13480
20411
21100
6408
20056
8089
6147
492
2476
16763
26375
17754
1546
14522
11802
16602
12500
18111
21057
18625
1957
388
6097
3855
19395
6444
2281
21669
18030
22388
13736
11755
22539
24703
26553
26416
19544
11026
10284
22780
35
11045
5456
5871
1614
7035
16272
22178
15015
25494
15735
24957
3299
5099
1347
24127
13709
1958
6325
24068
10664
21788
2078
7312
8966
21093
13336
19677
12874
26315
20670
15353
18908
4060
193
8713
18167
3594
18811
3845
18783
6457
10911
13299
17051
1153
4257
22859
12614
1796
18156
24254
26011
8426
25729
19940
25461
10488
12804
955
26175
4092
7541
9654
4824
9064
22857
15496
26591
12004
19840
4106
6374
22965
2159
8337
24541
15255
5717
8989
23658
21078
673
19693
13602
20430
13003
18416
5732
18135
25747
4451
20380
155
15587
19449
19753
17705
3030
25766
9125
2762
25976
24867
15446
10075
25620
11176
15046
3767
21666
9293
10125
23249
5428
3564
15251
16494
852
15903
16598
6241
19504
25004
4581
25769
1596
23418
5529
23618
9462
26067
13089
16180
3569
7063
19952
26024
2447
12872
575
2195
18004
8511
14028
7469
25601
162
17323
20720
16858
22896
14973
9672
18927
4559
20968
25169
1400
18569
2376
2802
10476
18180
5942
13085
14031
6884
18894
2932
19836
4066
13983
2704
16111
1160
16357
21321
26316
22310
10093
7276
1578
26907
3794
872
4416
18068
24258
17478
22564
5551
6405
15809
10379
24605
24954
25952
14941
5891
16094
8149
23856
1070
25967
23245
15519
9620
14248
3263
181
2850
12624
7952
22868
6540
23910
15857
10450
21047
17635
14589
16030
17149
976
12293
25826
6216
1700
4390
18052
6701
19976
1259
24313
11903
24712
17800
22016
6986
15932
17503
18948
19470
11228
10363
23230
23643
21747
5367
3337
11351
18437
20541
15673
7437
6552
21166
26075
20314
23915
4515
13323
8851
16155
18789
5375
18684
2813
2627
21402
24395
11883
16313
4850
3826
12040
4045
2425
15637
3911
25949
14596
16844
16729
11462
8564
13927
15224
20660
25715
19361
14688
123
25025
23517
3043
1702
13024
7402
919
15753
9527
14411
25095
13304
12251
7547
4452
11625
25137
13437
17371
17799
5396
21105
17576
19020
16320
4962
12759
18433
25364
2647
17158
7352
21876
21233
2077
12621
15179
24569
20434
11011
15093
20718
3146
611
21391
12619
19296
24848
17931
15234
17376
17814
12609
20192
1585
3455
1552
11538
24881
12859
11389
1548
16917
22052
17749
10448
22452
8297
8766
4082
13179
23890
11515
25363
4748
5489
14123
10166
24844
11007
14261
4433
3632
17256
13752
2239
6333
4034
8538
7573
10059
13055
9644
21835
25214
2496
25324
5153
17068
1920
15895
4547
16819
5210
21869
7521
18198
8266
470
6465
2664
993
10456
10684
16434
8490
5262
18248
1277
17033
19961
603
5708
25751
668
5715
11801
24375
14933
23400
19343
20627
25076
24484
10675
5058
12534
157
19550
5338
8414
1732
17118
25787
8119
26490
9981
20868
1006
18657
3987
26891
425
19050
24723
3182
22905
12070
9160
2635
10510
22627
20741
14689
3801
5700
22418
16604
10436
5808
18404
22383
19605
25289
20404
18182
10581
26462
26008
12189
18475
9424
9608
5203
22751
13554
5132
23291
10668
2449
7869
1511
14371
21084
2259
2265
14395
8665
5476
23552
7659
15222
8315
12900
10103
15973
10933
9912
7608
7054
17157
18406
1589
10945
18295
2482
4756
8599
7772
3796
11748
17312
19322
4413
25035
14415
7245
16805
19862
5270
9455
10582
11365
135
18713
26203
23941
13907
18005
16318
13702
20847
13443
13687
7244
402
13799
5475
6948
19649
19817
24114
4402
9821
12380
23834
18979
6296
24134
23681
1151
23507
2621
16307
22473
23972
10632
18587
18622
1946
18615
12847
26558
11999
16517
12049
25617
10725
17924
18889
5419
14264
5074
18753
24198
20496
1608
1779
9177
23261
21981
22153
25194
24220
11902
21554
23281
914
26529
22873
17122
7295
21170
13633
26580
21645
10825
18821
22594
4419
19461
10920
5620
2068
24318
9942
3470
15297
1536
1499
24587
43
15367
25362
10094
26587
14868
8233
4963
154
10424
15493
19968
12708
26530
14043
16875
17177
22833
12412
10427
8116
25110
3750
8953
24616
26744
9208
172
11315
9305
7030
20851
25488
6524
9585
4117
24787
23217
5622
16078
11322
22569
4671
13812
24835
20505
1039
25839
2882
20695
6135
14857
18261
12034
11586
11629
8409
5057
19497
9818
15282
7639
7251
14564
11746
6569
14379
108
26119
1934
26943
26741
8173
14565
22724
26851
13439
25629
6598
13092
14500
14594
7220
9856
3682
25519
8710
8684
19333
19342
16311
5761
19438
16640
4490
12645
23457
20305
24834
7534
18830
3807
3326
1124
17804
16897
23597
18747
23208
14780
3210
7209
24070
9514
22695
11124
24195
10051
9310
8085
2126
17681
1472
5155
25029
8019
12719
9050
16997
26536
16449
15819
7281
8235
13877
22892
11388
13940
20683
10647
24050
13582
1817
16400
1455
6531
20525
25550
25768
24185
24939
7895
18660
10472
5615
1057
3671
23352
26674
10109
4254
13502
25589
26576
25380
10665
7385
1979
18363
8635
6532
21862
9721
22949
20821
9916
11025
23126
1634
6595
10150
10784
26323
1904
20405
3022
16630
24704
24291
10826
17787
19394
1718
3870
1542
10860
264
15164
22193
20222
1521
14263
14228
5961
7309
20654
6980
19146
3937
6145
18682
17945
18697
6758
5103
1464
12423
660
21647
15691
23376
19160
26662
23898
14033
23163
15963
21935
17069
14496
11754
9019
3819
3198
24598
20217
18849
9415
2912
24595
11680
6054
22910
6513
26577
23014
11109
13878
6764
10129
14129
8628
22522
3919
11454
5774
5412
15168
17339
6337
5950
582
21527
25929
24823
15509
1087
15379
14560
18089
15985
13156
16990
12555
9260
1679
3500
21367
17262
222
22465
6278
20902
3691
12893
26360
19928
2574
6498
15779
14683
5154
23108
20518
15192
25197
12723
3600
2272
19158
7443
7736
11319
1136
14849
25335
7717
310
6574
12633
4229
9011
3075
14966
9082
2997
22666
16522
13377
10671
19268
26985
26101
11770
20248
23451
607
23729
24371
8238
15714
20249
21634
15160
20069
16804
9831
6441
17583
17584
12944
22914
16439
15300
12711
6138
9919
16302
9123
4258
12628
343
2807
9554
18395
22830
23537
5172
22192
12561
20732
11487
3533
10898
23647
11175
1458
1981
15756
22303
21180
4525
26820
15041
14831
19203
11609
12648
2486
3236
3817
22067
3407
23134
26123
18951
550
15580
1613
11954
5572
15897
7232
1189
1913
26152
20962
26941
4518
23786
11143
863
4208
25687
7297
23547
10845
4576
4699
15710
16946
1607
26756
14076
6394
8032
25001
16411
16513
3833
11737
15101
21932
14585
22902
26958
21071
6170
25775
14646
7396
19556
11421
20136
5769
19804
16512
17045
11129
2438
456
23781
13413
6107
24201
5138
7510
24118
14685
26871
11146
11083
3608
24341
474
8688
5478
114
19406
16808
23911
11717
22973
1624
13651
20700
5925
4977
3793
11654
25908
14095
3083
7917
5124
96
4454
4539
11935
12386
10013
6931
21979
17450
5174
25391
12693
21863
26141
4504
22940
23623
164
19233
6842
2871
2649
23384
26229
9767
10757
13704
11816
9174
680
375
25042
18453
22767
15746
1254
21479
22021
21931
15209
3389
465
7427
17933
15827
7499
7672
1065
11940
20317
19527
12850
4370
8677
24000
8535
7923
26879
19588
26630
22809
8388
24931
4759
24493
18095
764
24729
16845
16134
22328
10245
8358
11230
20472
16590
2269
3207
20677
24137
12866
6110
5914
12020
11094
4236
18019
26133
23219
26433
20742
2122
1206
23194
8964
26089
22669
22814
704
1531
952
20452
3567
6514
1421
12002
23884
14328
22329
12455
14437
18490
10286
8457
16418
14115
7808
18624
15666
8955
1984
3033
2943
25850
10034
10706
3199
1715
574
22393
2138
20810
5416
7555
1695
7859
10292
4271
1752
25791
7834
19444
4334
20488
10657
18269
710
24377
281
12174
12854
15653
12170
12769
24837
8722
8093
1951
19177
13162
12773
3728
13917
11817
23030
2783
2324
13875
13727
9302
4509
5592
11874
20526
19491
8203
22736
14959
171
19989
6594
15202
14041
1351
26811
12908
10981
15059
21045
23334
17537
23132
1944
21085
22094
26367
9224
24319
1418
23780
26986
10882
23914
3963
20034
21081
20699
16269
3226
23301
8194
989
997
22247
1299
17004
12620
20507
5589
4026
22839
2245
6450
16047
16366
5244
8438
8127
22377
21568
11535
4951
8991
1650
18040
21390
17232
24364
12153
7067
17623
24187
25972
11326
11301
20697
12061
5613
23148
26454
22515
15561
4893
26181
18511
25433
3432
11032
13098
15436
5326
7722
3413
4141
2930
22668
24864
5120
26249
19866
14957
10840
12267
16540
12835
10217
12678
16893
26960
26204
3036
20171
23712
2792
13320
4999
13066
16676
4002
3590
3938
10588
14750
15869
12376
6638
22249
21760
8282
23538
88
24852
10648
18158
19580
19876
24481
1611
8957
21668
1332
261
10703
18863
18055
2860
24212
13924
11010
10644
10355
4980
15185
20468
2660
24947
9419
7142
7545
12168
12271
2899
9605
6174
21056
11896
24056
8860
18333
9840
9290
8835
10190
3422
6192
15269
22446
4552
335
4938
25268
22296
13861
20751
188
14635
19054
3781
23442
6440
11613
1720
16896
21405
16211
11707
13263
8691
5453
3247
12041
15849
26573
8176
23695
24502
7458
20982
10057
19154
5320
5152
7246
21697
24418
13801
4041
24023
10803
3222
22351
15774
22870
14360
17909
3461
4090
14804
1000
2193
382
26973
22165
16614
14321
7738
3996
12282
6284
3145
16083
3941
20085
9444
9391
17951
18101
4286
19744
6568
4035
3763
26103
24193
11605
15803
22541
26954
23936
5173
131
19225
20179
3221
3528
12162
109
24100
12748
13411
5574
23770
1113
17427
6954
6952
9062
291
21809
9662
24408
531
23190
1491
14836
2478
2453
14060
2748
18354
4620
747
26387
13292
11318
9548
10887
18985
26369
8649
20244
20001
3840
2236
3128
13425
25593
15704
25421
24305
26864
26596
11055
21222
21115
3158
15562
6298
15534
10118
17559
17685
2973
92
19529
25734
9119
21445
23450
20904
1086
6463
19103
20532
14873
4395
13970
20549
22487
13914
7283
6029
21044
2655
18185
10837
13412
11873
9333
22769
20772
14059
20800
21273
25252
12161
10869
11187
4862
7677
11697
18499
23077
12134
16133
3119
20667
2519
3543
8763
13344
10923
26805
19637
24604
17532
26295
10686
20065
19219
10838
20497
12546
1994
1146
7836
20112
17131
14917
21126
14030
16090
19067
6687
2721
21609
24968
11160
26893
17629
13594
11195
8717
8541
9564
2357
19946
7373
16868
6240
10856
18075
26189
21812
24002
6200
7167
11284
24112
14410
6467
17893
502
4948
20172
3788
3457
18641
24022
25304
18544
19844
3991
3960
26614
1194
25627
20553
9137
13771
7893
3082
16941
2788
24473
6826
10471
17596
186
9917
24489
26724
16982
22005
6008
9826
6736
21922
5382
12814
11662
11620
22776
23701
8625
118
19385
20985
14451
25924
1645
13529
22917
16564
396
18957
17616
6161
361
25307
3509
5393
12086
19726
23320
912
12155
2407
15386
6974
10171
12235
15941
14459
9218
14908
1905
2920
12702
23540
5840
16810
17845
3366
6630
18289
9127
18664
3997
24076
23054
7360
18839
2298
13097
15526
24472
11545
15467
810
1668
2596
19458
6787
19494
17710
13775
8581
10727
681
24597
15492
19719
13714
3113
3804
23902
25689
21566
16170
2941
23718
25040
24409
2776
21184
6293
22155
26251
21460
5223
22599
9472
13138
18974
20760
27
11014
3065
26440
4420
8035
20575
16515
14549
26223
21387
8636
22214
17773
49
10076
17247
14492
12856
9568
17319
21199
18667
11371
10342
5041
11733
24243
4493
20433
25730
24584
12451
26421
19079
5128
23257
1912
12228
18495
3175
3234
7425
24110
20722
25712
7092
7983
19623
16520
18025
15968
17595
24066
13430
26242
24215
8094
10026
2884
690
5709
1232
13784
18394
2157
19992
2170
4079
2506
14013
1452
11502
8405
3489
23489
20073
11445
6633
15072
1312
8300
14064
7577
19540
14365
20066
15994
11990
25735
24012
6439
5312
15732
20916
16832
14776
16093
15161
14638
25942
11436
13125
10202
19262
554
241
17615
14032
26827
9211
9012
3195
12745
1004
14513
20438
2204
3380
21620
16609
15576
21791
16041
11516
24583
26435
25430
7456
13636
14588
18761
2288
5384
4637
5319
7421
20475
4558
1156
9891
13078
17917
22333
15124
12050
15699
1755
26832
26523
4135
24217
20693
24599
16775
9676
19929
12755
7413
15614
4536
441
16538
3749
18777
15144
13077
26638
21690
22966
16824
1850
5886
17648
4577
16979
18969
20390
21909
24427
14257
17123
12425
24244
15950
9080
21185
4083
8345
25975
3676
6490
4957
19545
4386
10211
11992
20769
19291
12314
17373
12402
23174
11334
6565
12045
16929
21139
24221
24099
20464
13941
7474
10716
24102
11915
16730
18151
21973
13671
20696
19263
8224
1301
14595
15928
13303
17337
1373
21907
185
21789
20974
9966
26044
9607
15303
14743
6588
6364
8098
25489
12760
26080
23109
11485
20905
6657
19736
11218
20544
10252
9754
26814
10782
25979
11090
22315
17606
24218
2741
23041
13932
4657
6902
10413
4250
5181
10979
5451
3881
19179
16222
4429
10227
19162
18937
3322
12638
13584
23004
19109
1446
22022
18538
485
18523
2044
11923
19184
2347
2605
279
7805
8679
11537
20555
12456
2761
9497
1577
9724
11033
24691
4925
19383
13141
14427
22301
15765
20074
24446
25093
17542
26026
17379
19338
16404
16171
12921
24040
24735
14648
10682
14238
26963
11656
16376
802
22571
22138
15077
12167
8499
13980
17049
2801
4479
7086
14370
7134
5701
16757
8463
21294
5383
12989
4430
274
6603
17127
18039
19063
3644
20383
23575
24797
10849
14003
12227
6487
95
4598
15099
5389
21614
23857
13397
9329
8682
8815
21965
18917
4842
20347
7064
6605
15023
12585
24622
15661
8513
23994
17357
21064
9688
8420
17723
23916
12694
12575
6753
3848
10141
3256
3573
18014
15882
8236
9392
13416
11079
75
20415
21469
19690
3484
11063
19762
24226
19639
15612
19411
2689
6496
6401
9675
15175
11467
23516
3035
23029
4616
20594
20071
9254
1602
2626
3329
14901
7606
1516
23661
10184
17316
21015
19735
7724
24111
12213
7382
18228
16642
16556
12904
12846
9460
23359
11668
10402
5818
1676
24762
23499
1997
17748
16129
11341
5994
26115
8809
10178
25393
6907
23727
7522
4805
8106
5
25067
23955
780
16017
22104
23833
18362
19689
19757
25947
3672
2222
3882
16020
23671
14175
26696
2355
25754
8056
10186
24196
23343
15626
18539
6519
20995
11191
7002
11666
10147
7764
16356
17851
15517
18558
22904
11407
20044
26121
10400
13046
13436
21665
15833
6679
23139
11855
2837
25260
24126
2939
21486
26615
19459
7702
26457
23333
394
22041
1868
14250
20142
1139
4006
7080
18582
7797
20795
16031
10978
22909
24158
20578
18946
15336
12488
15651
14400
20050
18762
22284
17690
16798
8776
1881
3769
10754
17906
20500
11792
19586
8038
13082
8214
17966
21130
7688
5601
4477
7914
13376
628
7328
12296
6396
25144
10080
10084
13434
9589
14980
13255
2976
4347
24592
10964
18341
19713
18521
12741
10935
25225
8643
13720
12783
13454
15590
19425
3623
15497
22367
14532
13754
4760
22481
6798
21995
1197
4514
19279
5741
21257
5645
15889
6990
3572
8020
17614
12549
13820
19661
7307
541
3642
9539
12987
13314
3586
6660
26771
26673
10805
12473
10820
24394
18497
3614
24779
9126
583
12565
14187
12371
8088
25574
8645
909
3098
3103
7317
1103
23070
21633
22871
630
22025
19308
12110
11074
16704
9709
24975
14190
17115
3373
4154
26208
16563
6356
15834
12094
2881
16693
10351
16444
11221
16705
18120
21511
2771
20944
11996
5770
19897
6816
26303
3496
1021
17249
2477
17562
11804
26329
24249
16342
1898
899
4822
21010
15085
10928
20145
15625
16034
20295
21494
2002
4039
13312
23258
3656
5404
3252
3327
25678
19340
21025
11794
9138
7085
16037
833
6057
17676
18194
1910
255
829
26502
24113
8178
14210
8392
26088
26608
5145
17215
12166
2533
16004
12486
21624
9245
15016
19452
2214
16453
12578
19659
15040
22633
10234
26438
9197
24621
20474
10091
23861
3131
16970
10604
23621
21956
25737
5387
21158
25018
10550
22264
24887
5832
477
18998
16905
9135
777
14009
19373
10452
21603
19035
21838
4175
8079
15816
15443
855
22223
20809
560
25135
14044
11224
14553
602
18796
13145
4560
1274
15778
9195
13793
8681
19748
24224
3727
25652
25554
23748
9900
26083
8416
3460
26660
9406
17990
12292
16065
21966
19908
20921
14046
1996
21271
1959
25672
14569
15199
15287
370
20322
21917
20521
24653
10383
25078
2102
18168
7448
14886
9027
4084
2325
26794
8897
25238
3900
13302
5199
4710
26688
1569
4784
10018
24261
18928
12747
12457
8756
12253
9018
2878
8801
5255
19634
755
16218
19136
1444
5820
1468
7862
3362
17116
14124
15641
11122
13350
23536
8063
23947
5409
11758
1239
7349
15594
5485
24752
12597
8559
85
5513
11920
1688
14769
9058
18866
25508
21341
10385
7819
25297
2561
23560
22207
22213
4608
21525
81
4165
11499
15241
742
18918
794
6581
23337
11688
17738
4356
16326
837
785
13210
5738
2555
6120
19129
14024
14066
22440
11254
22183
23406
25836
12764
13954
687
14172
8403
9971
21974
4730
3785
3164
103
9714
21150
19426
24767
15688
20086
15721
7136
16989
12566
25833
24088
22074
25264
8934
19916
12959
17297
72
16387
21755
11116
22869
13581
16282
11000
26033
5268
23364
25457
1095
16935
19560
3518
22273
25590
13805
12831
13185
17677
22716
5459
270
4042
14134
20684
865
11071
12707
16416
15840
14284
7190
16458
13237
9604
5123
1009
22112
1515
17549
10410
5983
936
14179
22212
13965
14191
3973
3638
12356
8517
7874
3008
6707
4381
21043
20636
9495
13219
14518
5342
26064
19739
3596
7610
4143
7723
21951
195
11769
16120
7206
6051
15657
3637
21041
21349
7334
13027
881
2071
11281
11271
16597
17592
9628
5423
21886
18950
19733
2551
14984
18304
9249
13470
5623
4803
16099
23404
5991
9736
23344
4302
14359
8662
11650
22504
2161
10384
6211
20872
12124
20398
16238
19581
3849
3665
26029
25562
7652
21685
1986
20118
16501
25418
5753
7928
7110
24773
13975
12716
21048
9544
17880
1847
15478
6511
2842
10020
7399
2546
16156
7322
179
7572
20395
9030
11815
8834
609
7186
4407
6066
23305
8164
23870
18782
26631
3729
18412
294
19487
2450
25838
9505
5972
18431
23585
9998
6299
25707
18670
4954
12721
1199
13628
19621
8047
9268
277
10417
14707
26350
20645
11705
26445
6916
15423
20789
20643
16838
6288
4935
9489
12618
20714
8364
15924
15616
21896
8050
24060
20193
17511
21091
5447
22562
9134
20612
8841
15911
4668
12490
11104
15204
22843
1730
2254
16621
23189
3100
5148
4549
12749
420
1286
7339
9023
22100
20054
25527
11862
9993
11417
34
9093
2340
20691
3067
23035
1878
7552
19531
9266
23909
13144
13067
24898
12483
2123
15829
19612
7488
19354
24559
26195
25394
19925
12542
26839
23843
7858
656
15872
3579
18838
3581
21223
9275
26056
22678
9284
22256
4647
13639
12164
21731
21303
4331
26234
12559
20662
19843
25249
7216
17382
7845
884
16866
6840
23133
8126
17409
16814
10883
12415
5809
9801
1919
4343
6585
20163
15825
5838
4190
14409
17818
11958
20356
26550
3883
1187
12335
14080
16572
1527
22039
24556
10046
22425
13264
10203
6804
4798
7745
21143
6619
3504
22087
16987
7139
22380
8350
14759
17517
13142
16351
3495
17587
15131
6177
26122
10032
23098
17001
7663
7706
3384
6792
25120
24510
20613
8253
3611
19445
24915
26058
17777
3957
13022
387
438
17229
19885
19187
19039
13925
24314
15846
7935
17372
17073
13982
22530
22648
1389
21805
3187
23858
18677
3950
2859
8232
9703
12021
11812
21292
25684
26703
352
20282
17494
22398
17521
21992
9955
4019
5310
1158
8530
7607
3376
13464
11269
14629
1680
26617
9970
8415
21636
12469
24870
22646
15585
6201
11185
18287
9035
25846
24846
1945
7111
5878
12727
1339
8621
10068
22684
4823
12899
21377
20858
16226
16461
11806
7081
14673
11946
21260
2799
901
24410
3626
20045
16746
4777
5422
10967
18580
14439
21597
21503
16496
20748
11376
8045
17174
2262
2001
9581
14089
3541
21313
4280
26712
15019
3482
2934
4722
9279
25911
16136
2352
3544
4967
26626
22984
18503
25375
24637
26270
10793
644
2691
17654
3580
24449
19211
24451
20439
2356
4550
5531
2707
22375
15267
10509
17856
26202
9785
26377
6782
685
26218
26641
15406
11614
23581
24857
14837
3880
15471
9542
3546
3232
9805
1815
16944
21480
20259
12840
26383
9969
26283
10536
15004
743
5640
2006
14994
20340
7700
21059
12344
13110
3739
10421
1938
18050
26135
25164
13048
7580
24942
26353
2679
7192
24682
4627
19183
13654
25134
14694
2494
10393
15358
7824
12596
5789
349
6099
12690
8732
18104
14505
21034
6535
2481
20848
6262
18222
26247
8172
7426
25485
21816
17618
20391
8254
8
4921
4072
6695
10072
26255
24014
24121
25784
26081
8612
16240
18163
26501
5077
20601
15542
6841
3907
14294
19972
7718
22707
20736
22437
18875
15888
5168
22122
12379
7746
12819
879
21192
19969
17667
5780
22977
21864
10218
21998
15697
18694
9889
4719
22343
14162
26896
25178
21437
19798
8017
17104
25905
10478
7150
3012
19571
15929
12556
1066
143
22384
22701
7019
13685
16085
10126
6886
3842
9095
15413
8687
17163
10197
16577
1734
16301
5431
10042
22976
22858
21242
25414
1528
19096
11850
307
13146
9868
17639
3291
6432
2544
25440
4197
1782
19144
9945
5272
24847
26646
6367
19260
9798
8131
10673
13121
15180
14958
21575
11718
17981
391
4917
5368
11327
19499
676
7473
6265
7645
26043
5670
14913
9109
19645
22889
10295
3699
25495
12675
11061
22324
8877
1413
23979
15689
8852
9522
2032
9318
24628
24168
4317
12892
23439
25316
24086
5469
7974
5903
17758
16882
3472
10629
4128
2579
14464
22023
17179
12452
22113
8971
23758
2092
18757
24354
18949
18912
12437
24094
11995
14433
4372
15520
9600
2523
19352
5461
14909
23097
8977
13472
15248
10737
1200
25184
13625
16547
8868
2815
6799
21167
13519
20077
13297
10707
16854
24751
21540
25596
992
17714
17217
10519
10330
3114
11244
18021
13662
8916
6452
25632
26157
17301
8005
12211
26665
22757
16801
16062
13556
6854
23719
14112
9706
8169
2081
9855
5841
22711
26833
21833
26706
24630
24999
5182
22697
2677
21923
8637
12429
18274
2435
6615
9059
24952
11057
10406
7957
24603
14927
11262
1670
7215
18741
22415
19101
20260
10787
13769
14797
6219
8854
6196
4890
7753
19148
1931
427
26721
9292
1212
10038
128
2079
18008
10368
9635
25664
15592
1
7109
19619
23027
5434
20004
16803
6549
15116
4492
26215
17921
4311
21474
19468
12442
15987
20110
7934
20466
23501
15253
13930
22010
6421
9420
3778
25936
26482
11950
8422
13548
9179
13474
21146
1964
5321
15867
4774
11735
8110
20214
5805
14637
7172
26113
15388
23183
22120
12725
26524
4697
10919
3340
19289
16606
20603
2373
5811
20006
15312
15343
16397
2124
13705
16312
11853
5241
22727
22421
24435
23620
18750
6346
14753
14382
1457
5766
23545
25650
11692
23662
6983
16486
20015
2082
3501
1177
7406
11056
15671
5133
26153
25980
26474
6895
19006
15906
10187
24959
10884
20445
4145
521
19190
19034
15481
16919
23771
2966
26271
10341
8837
5142
22969
737
7106
22516
4971
11547
11651
367
20294
2911
14426
3530
14643
23742
10451
23931
22468
20762
1488
17643
20663
12584
21331
1707
5528
2887
9379
6520
24644
8287
17019
26532
18478
6011
19456
13777
5920
18279
9713
16886
8146
23393
4873
3577
15646
6606
1007
8917
9685
26212
4844
13223
11396
12653
18629
17509
13276
9778
22386
5940
4104
13495
977
16877
22050
13404
24831
6158
14636
25008
1750
20506
3640
11924
10204
24626
3825
10597
5795
1549
968
26522
26857
15104
7424
17414
22215
13095
16470
20576
14511
17778
1463
12330
16958
24232
7567
18835
16957
12030
21284
257
23761
19603
13313
1739
9990
11456
16365
24269
20614
4811
21650
23572
24416
12223
4703
3352
17446
3598
10089
16815
11211
11998
6946
13755
3084
1666
1289
25667
17359
11884
11097
1824
9768
6913
17644
4834
23773
26813
6681
5702
19922
5186
13340
4253
19782
16073
9842
18123
19919
2165
21451
17679
5879
10779
7059
26735
20184
23269
20252
26650
15670
19431
18026
2371
22340
23590
2160
23166
4786
2360
11357
14955
3875
3057
22601
9720
22744
16859
25986
23288
22460
19132
20078
7268
16659
19171
21524
20604
10307
8385
20635
5826
26358
23893
16605
3664
5445
5523
18243
7324
23302
11818
12901
20396
21088
16799
12009
20299
17579
6295
3488
11158
20007
8318
6094
10297
20284
21521
15459
16408
4289
16849
12792
15848
12818
20758
3343
11199
12649
13623
10357
23847
13974
12889
8543
14654
12512
14168
11529
25415
805
19554
7701
6542
5923
21846
26165
11653
9984
10107
6060
24654
6082
6404
15844
7965
15464
7217
16529
19128
21181
10639
19486
3971
4209
5377
819
7168
18221
16562
21097
20177
10281
20935
3695
7867
768
19918
10199
15591
8826
12943
19681
964
23141
8205
14390
20637
4287
24101
26370
26531
23263
13054
7980
8283
8202
18338
12057
24927
21138
11773
4171
7732
4660
19056
8319
23799
20687
18817
22864
21962
7739
13535
21943
25770
4410
15874
1550
20446
24761
24690
7925
9576
18813
9385
13388
9342
23923
1032
795
15322
13074
2088
1323
26921
4281
20296
9846
23853
7716
13782
8433
5429
3333
5354
19062
19830
6252
25948
6112
25938
20346
5102
25196
7185
23869
2858
18402
24246
8726
20659
8051
4965
5754
6297
23366
24657
2992
1686
3684
20548
708
4691
25607
8010
23469
24213
18034
6747
26965
21885
20615
6712
17769
11298
17857
1520
5122
285
4073
22200
24727
20733
389
24455
2999
7996
6855
18183
5232
14587
12051
9416
9705
20792
401
2426
6516
24813
16077
22197
10951
20297
1562
21878
9185
4498
10247
14720
20364
18150
4140
13721
3280
20715
90
19349
11144
6055
17761
20155
21039
2747
8829
7129
20463
15105
16717
24555
23508
419
22401
4120
26829
12233
15887
8531
22928
7302
22801
3949
8923
12077
26933
13533
9158
7889
6000
25356
24956
16443
1633
790
208
23192
26720
20957
1333
17991
12570
8129
21758
9229
12348
22645
20621
17310
10587
21188
26822
5421
268
17543
3203
23329
11575
21622
23430
9499
20675
5206
5212
9378
13332
626
5049
2308
26510
7253
13426
19236
24085
22145
1672
2039
9807
3418
16904
5190
15207
6285
20105
4762
68
21529
13617
6802
20057
7205
21168
19615
5919
17433
17568
14047
4249
23640
23385
22312
4542
18343
22313
3242
13573
21418
4689
18748
9475
8879
25657
20417
10540
21945
11103
8780
223
13588
13673
20274
13346
14608
25454
13382
9452
21312
24526
14444
1276
12466
5822
11375
21658
22443
5331
14157
20076
9140
16936
19118
19377
713
13025
16105
9833
15034
19477
23271
24746
6124
9515
6583
6614
16956
18823
19686
15246
2594
25332
9340
23965
17781
24701
9895
21027
3508
7779
12160
13301
26950
9382
23617
25327
22176
8307
11368
23871
16410
645
10225
10169
24368
9130
10554
24035
19292
8186
2257
16924
11088
3046
24425
17550
22411
4920
16124
16570
25880
18116
13410
17715
9148
13943
262
9792
15992
1395
2315
22533
17927
8043
6963
18840
11114
15635
23239
14237
7391
17280
1431
18155
9448
22690
24665
16056
25774
20042
21243
14408
3507
15214
9276
21173
5374
13010
23523
24373
12078
7381
4856
7051
14048
3315
15362
14632
1426
25502
10128
19196
25985
5261
8092
9170
6047
16273
21694
13428
5666
678
2639
22513
12408
20144
16402
2019
24188
4055
24781
22028
20651
23566
5171
226
24186
8139
21972
5724
5970
25
5931
5418
5136
22431
22404
9070
8377
20958
22772
4863
14012
8627
20895
7070
20503
14921
24
22587
5175
1576
26880
24935
16683
7451
86
2286
22077
16773
14679
15079
2028
25183
22502
12503
21142
4265
26145
24421
6555
20557
16141
444
11169
2180
19911
22427
13741
20738
17524
15155
14178
11448
26494
23769
358
25459
7801
24058
16980
24842
17995
19435
9047
16534
1012
25462
20480
10649
10201
25360
22149
2410
12266
11406
2111
21970
1791
22741
9601
11869
26825
19244
1993
15696
9084
483
18246
17477
20608
632
18768
25037
5150
11425
7951
10705
22420
7918
26975
16464
9781
17949
8832
8058
9858
4
6442
13176
4958
3888
10006
11583
16112
22462
23021
189
4305
14939
12159
21103
15005
18568
4538
24139
13343
12939
6434
2152
3150
14709
23782
1954
6971
16466
14399
376
746
9380
6525
4133
23425
24967
26620
6618
24499
15958
7341
9745
25656
16096
19864
6259
11622
7675
22327
14567
26051
25584
21339
24600
26479
22941
2942
13118
12659
15122
8228
4701
12343
14148
13358
13026
7991
13587
25212
7403
13993
4843
4469
18047
21006
21640
18738
12697
15157
8736
25701
22236
15607
8333
25292
13684
548
23683
2657
22672
1641
2349
22549
2598
16347
20435
137
5655
16398
12958
9511
17090
1683
22217
22997
22093
26777
5992
25692
2419
19221
19476
23411
14830
18688
9139
21433
19277
18455
13014
15574
22849
9183
18514
3693
15048
21473
2240
24786
11895
3903
9992
19965
13701
20598
12571
18115
20538
26021
1947
7756
11272
12197
2362
10800
14812
10358
17110
24278
23436
9355
14126
22557
16625
18464
723
10210
19654
22789
21673
23395
13831
26846
6832
11993
24532
9624
21938
18242
14865
19715
1175
19475
3534
17162
26239
21361
2076
7261
17859
16969
1541
26188
18147
13516
4649
15053
18037
18029
22987
70
17018
15786
4597
12287
22170
26882
7654
15186
17243
19636
21247
9112
9042
16007
16057
10584
64
17513
2173
4801
25407
16711
17594
11643
23928
19453
1698
11841
3955
23942
20863
517
22359
4520
17480
8308
26936
10444
6058
8656
21733
21851
4017
22537
13390
15654
10173
15228
26233
19274
25468
16345
1757
3948
2667
14965
23562
15982
5273
4593
17673
20124
13509
21868
9441
13170
17266
15429
15961
5579
26172
11339
22930
15577
7955
5188
21032
9850
26807
19485
4432
23144
17913
17691
17374
20013
2714
17458
17703
19789
4755
14274
6833
16319
7124
11001
14859
17776
1440
7818
10420
25522
10524
6790
23051
19939
16559
26431
16583
14702
13665
24082
2099
18336
8603
5821
18649
10576
272
21300
25698
26987
1308
14246
7313
25072
17363
11229
8501
1385
21776
19920
26687
18166
18960
15498
3094
9681
13610
3372
8281
3051
1205
25505
18382
5874
2316
17625
7554
10445
24991
8069
22778
25930
5941
2805
757
15618
17802
20389
21499
18126
20511
19271
10545
20121
25622
18386
729
17898
4796
6045
17937
15018
26073
8723
10792
18164
19524
26962
9710
13391
11459
8504
13810
3557
2339
11956
15083
2237
22013
19948
13576
4622
21558
6859
1886
3228
26977
3309
16797
25189
16809
13455
13888
12476
12724
20837
14362
330
4056
23448
13513
10843
14103
20536
7170
14026
3984
23880
8885
1606
22299
17610
12194
1929
25792
10971
4799
11307
23630
10121
587
9353
3872
5398
2299
18602
14600
18846
16018
26364
1372
11518
4979
7180
354
23010
6989
15719
23361
19484
3409
16060
24253
50
26700
21942
15490
21364
15824
25158
9388
14197
25130
26782
25732
2724
19991
10895
2750
13756
17161
4214
14745
21498
2228
14154
9202
11037
20568
20778
15449
17471
9523
9405
9669
20370
9820
19303
25878
8369
14141
18043
20997
3775
4600
297
13271
15410
23943
17783
6156
12729
11198
19590
2516
10160
10507
21767
1384
20815
17563
9520
19169
24903
12393
25604
475
11966
1344
10112
3584
426
18143
20253
23374
22450
24822
26269
2116
7040
17332
12742
1860
11432
15108
19037
2055
7089
14954
22069
11831
26625
21395
18244
22756
18392
6705
8143
8370
20919
1719
9764
4050
3764
25276
12328
18860
15499
1510
14164
19
4421
5104
24572
24827
590
13043
3692
12202
9985
19505
4408
7388
18700
6274
19083
18067
9887
4586
1627
25674
3021
5549
12957
23356
17406
1037
5968
24407
21986
24470
8744
25834
19850
20647
19344
7483
14910
12140
15100
8390
13990
3633
201
16469
10790
5719
19546
871
20768
10183
6041
14555
7553
5873
18714
16677
14472
24495
16873
16948
20808
23578
21738
9265
15356
22018
9031
3944
5348
25028
14507
25885
21174
18786
5571
9938
19427
24818
15965
1075
4926
2200
14603
1252
12237
7286
1496
4212
25651
12940
24209
17303
9221
7071
10322
25059
8873
5548
3679
19389
18285
9569
23227
12594
6089
5492
16322
20419
2487
847
18592
26425
9100
8970
20566
21911
24333
21037
12226
1234
23854
3607
16641
11561
21186
8252
25235
2591
18186
23804
3662
17269
421
20220
7602
26824
17656
26294
16710
26031
25686
12421
4534
11885
8836
17735
5201
17375
117
23645
22424
24554
20402
8724
23787
24863
16195
3089
8601
9639
4947
25355
20648
22458
9906
18429
16267
14333
5271
7542
15473
23135
1794
7666
22598
19949
25036
21267
8226
15384
22811
25395
17424
25202
11330
1466
20980
20151
6319
23237
23154
21712
6551
12092
11849
25618
6921
26407
20569
5391
19653
19521
23651
7570
26766
24153
781
12431
10808
1180
8651
19895
25516
4033
9014
1884
7195
20812
3977
16973
22500
10626
21539
7485
13029
12517
12234
4057
18036
1287
13101
1772
11029
6391
17566
308
3784
21914
24783
5192
5292
2145
4270
2905
15
20873
24295
6419
12
21664
23829
9729
3269
9371
714
22844
14997
5956
25340
15926
16672
17144
18255
15944
8427
25859
20814
8466
6897
5028
4572
4589
838
79
9590
24171
20580
7131
21736
11543
5283
9131
7323
3245
12674
20713
3666
23066
16541
3054
22483
7046
26606
593
12066
12864
23068
19873
11646
13619
17485
12075
4736
2430
21905
19331
8273
11686
5333
9686
8259
24036
16817
22053
8905
6096
25945
2585
10115
415
8712
16690
19909
23207
5066
26668
21161
6939
19710
4704
15143
12981
18456
3589
26640
24178
5609
204
26275
23037
18374
4183
9476
3259
3606
7656
11220
2530
2276
21232
14945
1402
4221
19044
25906
25474
20450
14725
12324
17349
1756
16585
23082
3026
23130
15370
5184
25168
18517
5845
17612
1895
8856
18384
16593
20955
23247
14789
11349
26173
11927
14883
176
4242
17946
3387
13560
22282
25314
2599
15417
1109
24715
26127
26439
24347
19492
20857
12434
21329
25847
1504
14081
20160
6685
19655
6844
22096
25475
14225
12511
22335
10233
6453
2119
8446
23246
15239
14815
21830
17121
5657
9327
15308
7674
24039
8248
11580
1664
26678
3513
3020
20483
26834
9473
15581
15553
23424
13108
19701
11451
26225
7292
15837
16876
14713
15536
24941
17075
2322
5117
5872
3636
1202
18964
13360
23606
11043
11107
14120
17469
18201
484
1349
2892
3929
9154
9261
24340
26590
16587
3041
22693
9313
18989
3115
24913
21855
2013
20201
2898
20866
4009
5146
26373
16785
15589
2169
20152
4222
15763
18192
4449
19015
21304
9053
25863
23000
21550
8737
22576
20020
7175
25171
22309
2770
23764
3391
5865
15830
20682
1203
14117
11906
14452
19294
3740
11048
23307
8962
22432
21028
15054
24796
18476
5687
5610
12109
18424
3713
889
16560
10344
14747
3621
2578
7860
18718
7418
8429
13173
1166
15720
305
11826
19297
4012
16519
23092
6634
26968
17253
5582
2192
9156
9586
16761
10009
23426
20562
3860
24240
18359
1974
17999
16042
7644
26381
3515
14540
5671
9583
3147
20256
9026
22089
25270
3251
7113
17746
14792
9498
2048
22883
815
4185
19155
20661
9479
18466
6407
620
16549
2490
6248
1031
357
10959
23706
2749
10960
17731
16087
10437
8477
2139
24790
17240
15658
18798
2935
8594
25180
16417
20899
562
4062
25758
7004
1807
14313
17704
11514
12281
13132
17601
24825
11439
18570
13621
25123
13275
251
23434
4530
2987
20565
18958
22732
18940
153
5532
5029
9532
24369
5827
26623
15329
9884
33
17099
23280
24925
20238
17137
9719
13386
7032
7375
26289
793
12794
26206
21600
1310
10299
7620
22523
20934
19212
24766
17711
8727
3583
20887
824
877
12839
12686
8167
6208
14744
5949
7900
11370
13540
16719
18114
2803
17134
25063
10633
523
12520
26935
8220
8589
3902
26955
26566
23817
17067
15767
22463
18349
19119
8128
17258
3527
11691
14207
4115
22967
4942
122
2282
17743
13991
3932
5767
2045
21417
1593
2763
26692
24192
11051
9540
7575
20948
7800
18809
18245
17724
13966
10739
25481
1169
25918
11857
23298
12484
24255
2790
12116
9418
3753
6665
19188
23458
2278
4696
12115
14391
4830
15727
23697
11046
7631
12598
1054
25649
11411
12827
169
14235
15770
26110
12000
14756
5542
24391
1992
325
15532
8544
23751
20462
14214
18020
13996
9157
11554
5002
5093
14293
20567
20330
5394
25532
13252
10005
18589
7905
15795
20362
25665
22505
5505
22659
18701
17260
6592
5676
13939
15461
26465
21053
8620
1374
13478
2699
5885
14551
25353
17410
15556
22147
19848
20791
4603
21555
3643
17114
25438
19768
6165
14601
19985
26403
14255
8560
13551
21058
20739
10939
488
20040
3744
466
15091
3972
23197
1535
11983
2220
24714
3771
6272
8084
1507
721
14489
24656
18428
24365
22188
19318
26311
20996
15242
21994
13088
1971
7953
19242
23579
2238
82
6635
17208
24033
26509
767
17278
14539
11713
25789
1561
18755
19811
19379
22293
8595
25528
3939
6183
5667
556
6622
140
6125
15647
7667
23441
17641
14938
13451
13817
9960
4927
12136
11369
8790
8148
10969
14147
26648
12387
22385
9829
24030
9750
7949
26366
23392
14923
21822
14956
1746
6149
24658
5560
9563
17461
6067
10240
11130
3954
1722
9847
16425
2967
17219
21305
8890
20139
9087
9780
20140
12188
14282
13787
4721
24707
14495
19525
4747
15660
9796
10145
15275
16421
5995
10773
15188
10490
11015
10408
15595
1011
16154
17354
24367
23593
20676
21933
15796
1469
24135
10060
5725
19460
23354
17914
17547
14800
14102
13476
1230
25159
16753
26538
10610
6065
15236
6031
18513
8830
13722
10212
13758
17286
19617
26710
21038
25434
13847
17792
22117
1363
6793
18921
26102
19630
17096
11926
978
18855
13922
11337
8784
3651
2857
24025
20712
13153
11151
17745
20092
1551
13677
9209
11117
4415
25533
17721
16925
14265
1823
11567
6345
4323
25915
5291
12999
994
25542
4883
16216
13459
14503
16750
7364
7481
11581
18117
13976
12332
18914
2683
5402
21583
4023
19776
14773
25113
2564
302
22927
1555
12574
11585
4166
4864
8772
13013
22464
8963
22996
11068
850
7866
1196
10280
3429
5254
1790
11623
20945
25209
26801
738
4990
7228
9910
6087
10158
3601
12593
774
23907
24108
11813
3990
10832
1329
15530
25635
25750
23059
860
1969
7537
18617
7985
11353
20854
17474
10482
5884
15759
21206
8263
2423
22143
16110
19396
26288
3400
13640
12246
21535
13893
17239
2829
21821
8537
17736
1721
8539
5465
10119
3375
5999
21256
26507
16725
10924
13406
20300
18314
14236
22963
13154
26475
16622
15295
3560
24672
14101
26843
6945
3748
24227
26547
11204
19483
7529
12270
14097
15285
4718
19269
3483
7825
12404
20838
5863
24260
25647
18601
14397
1364
6308
17687
10676
6528
24889
9894
8798
13056
24424
24843
9393
18982
11961
2009
14783
4656
20196
4441
20133
13240
19131
14301
1482
4481
16830
6144
25504
753
16781
25361
12861
22152
947
23275
25250
12046
11306
23464
15035
23807
1335
2179
11591
21279
4031
6877
11125
8060
23561
21218
2593
21239
19214
15166
21148
22862
12301
20191
16001
18751
19884
9732
6035
3194
18391
6085
13622
7613
22233
15540
20037
12499
8871
8012
8191
23182
10975
16874
19780
17275
5997
4339
21497
21577
19541
20099
24977
2828
5298
8754
336
9036
3063
13674
245
22231
7782
23744
10556
13147
2042
22585
1778
18398
6447
16524
24525
4393
24080
3831
7034
13650
15559
13788
239
14839
13267
12862
17943
1848
19894
2592
20369
21638
17839
6155
11985
19223
12948
18132
16314
3853
17350
4341
17464
14407
16807
1684
14790
21026
16988
19419
2096
24620
9076
8777
411
14454
22679
6823
18071
8752
13645
16850
7820
21399
17812
24668
7435
4378
3193
6829
12027
22323
22085
11320
11570
17235
12200
5617
2670
10135
6076
9357
1303
16325
24919
19422
9934
13667
22807
9531
13593
203
8563
19712
3715
13998
12610
15026
18749
24986
4307
23905
7770
26983
205
25392
18764
15405
26485
4182
9296
24811
1591
12777
10120
14813
13899
26760
16214
15002
6159
9486
24320
6690
13961
13203
5495
8030
6745
14655
10839
21894
23011
6779
17707
4613
4541
26176
2306
8294
21707
19846
17220
23353
2293
14734
3565
3467
20477
2739
1663
18219
22144
22163
12879
5043
14953
3854
24880
1251
18405
18533
147
23185
21808
7182
1366
12676
13675
8912
866
1793
4973
17119
1880
15142
13543
23985
19166
20755
10367
25496
7392
19149
8944
26354
1705
18330
6119
14480
26305
3891
9615
14342
20426
14183
16996
4204
16081
6512
6476
158
19087
8495
26690
15622
16174
2090
8096
2129
6608
8344
5860
15479
24530
9650
10191
16931
14576
2897
12240
6462
3205
7647
15600
17326
19533
1701
21523
14624
2744
11930
8573
19298
1406
11798
21594
26399
5815
26132
6101
148
21096
22331
6056
7945
12664
13042
7815
9461
24623
9458
8082
10600
11716
3980
5446
15675
13076
11140
25877
6508
6951
17922
18692
4812
25068
8942
26298
20363
20376
11834
20403
21353
9543
7355
12820
18152
13424
19301
21891
17032
5231
17340
26738
16883
11925
5496
12432
3595
2674
8225
20490
5282
24054
10085
17203
10858
23851
23215
11988
8813
23933
23978
5578
15717
17028
26542
4442
265
10929
22636
19313
2765
8676
11789
12591
11386
26592
2874
6301
19752
7254
19310
13508
13962
6010
23500
15028
16703
24737
1629
13536
20771
23790
6967
3357
252
18085
14272
868
8174
3382
9439
3964
14091
2285
4426
2722
20150
22593
627
11120
7876
20000
5893
10504
20226
16485
8956
9347
13374
10921
24675
24659
10271
7266
10182
12937
10701
15711
17403
9501
1222
25424
26838
14663
16510
8907
8874
7308
22728
2786
9394
9210
24951
933
21988
3887
4814
7963
3752
5608
20610
2883
20702
4734
25660
13776
25429
6218
14628
19773
15836
20205
7082
21883
20311
22796
2607
18467
21514
2125
537
19327
15033
26368
716
20394
1631
21959
15650
18001
2870
17637
20039
25423
5274
26727
4460
3965
23826
19987
25329
25954
19764
18302
4851
8794
2676
4646
18675
14169
11701
18698
5563
18869
10802
26333
24496
21326
5250
1324
16406
3537
25961
12832
3370
23791
1638
19568
15788
11957
25334
23604
15198
18564
13187
10880
2351
1894
16567
3394
22775
9457
2938
3702
25818
7100
5951
2606
13112
24482
15082
17289
1171
20827
25879
23577
18234
8896
24549
24978
453
21125
16548
10226
8663
20981
4853
24280
17693
961
5552
3836
24590
18559
17790
8055
2993
14535
16766
12119
14607
23779
6005
9972
11565
10327
2148
1414
10875
11624
26734
17620
383
22958
11227
20846
12055
26286
23143
18003
13887
26881
14483
6255
14373
14881
12774
11555
11354
21117
22429
11897
2946
7231
10208
6315
17722
4783
10082
4865
3401
19186
11019
23012
3464
17308
18787
540
8792
6713
5047
6730
1761
25598
12279
1902
16338
8103
24087
22201
14771
2409
16588
2023
17507
18387
12036
20255
4241
26167
18859
17899
10720
18806
10521
16945
10366
24570
17126
4791
15828
2210
2136
1433
200
2532
7729
904
18144
8584
5584
21689
18138
15073
1864
21400
19874
5979
18992
23895
8654
16638
15013
1765
5674
17775
26210
19511
9173
7984
6987
3514
2233
20862
5916
2433
11132
18996
15761
3073
9941
21722
11200
13438
9848
21709
854
22373
9466
3920
25512
21613
10702
18520
10192
13199
24166
26174
25680
25191
14414
25765
25126
9735
24120
347
1736
2568
26000
26768
24521
22042
20860
19429
3896
18235
6706
24289
25127
2529
93
13355
13180
26730
679
25646
23808
26341
24950
14161
7902
5547
23294
17012
22180
25633
26723
1896
1740
26708
20588
2906
6637
17165
16243
13148
23429
25010
23250
22818
22490
3095
9653
13872
10108
20840
10990
5449
16232
14506
21490
19591
18852
21307
10316
10751
23345
8759
26753
4292
8142
16525
21532
9184
13867
16181
11412
526
2250
301
16412
888
10848
6993
25009
16172
13071
14152
10823
15656
6347
9707
25764
17448
19907
9270
23689
3074
13564
3956
12231
11761
23089
2746
8351
11616
11498
10781
13816
20061
20421
9664
1932
19741
2389
18468
22768
23061
11084
1644
17636
26991
8842
5471
14699
7304
26466
26169
23627
19399
600
25493
22337
26477
15350
25326
19582
5596
7903
19170
762
20890
10982
397
13227
2622
26063
16304
13261
21295
22626
364
17476
7703
7589
17261
3717
23081
17059
19785
5198
10296
5011
1231
12082
22699
13507
24850
26740
18459
10643
21252
9739
8417
20379
1643
26927
20737
26508
14948
5350
6860
14132
17006
22267
13730
17112
18574
26663
17575
1443
3177
25349
23707
6314
9861
13087
24503
12384
20134
5987
20879
11943
14062
1505
6006
22320
19904
20616
24649
17785
12736
17434
26767
9075
19238
8099
4782
23297
19551
22332
13381
25477
3120
10949
19295
21517
26349
8408
19628
3215
9869
3542
4103
1448
25655
442
12799
19316
10405
3090
16327
754
24456
12636
12054
26382
23794
17916
1524
13634
1068
13547
9862
22356
17920
5899
26560
16298
22292
9871
21657
763
13100
20206
14888
19651
26870
23908
973
4186
21899
4027
23083
25610
23391
21155
18959
4631
16755
19353
24083
17352
3017
10628
6042
3910
9593
16382
18734
14277
2305
22270
19657
3545
17167
21881
6917
3780
17980
662
26733
24130
4737
22703
11356
23652
23539
2687
15730
7156
26863
11905
5646
328
12615
18041
23814
19081
7333
14515
24238
7759
14922
22735
16650
12492
24077
16066
19944
566
23256
26192
2101
20664
24292
14621
5606
24793
18377
17188
8081
23224
20279
2560
10658
3934
16473
2492
13854
21454
16334
5300
10811
19430
2604
12306
26185
18572
18994
2823
23784
7072
2080
11842
22623
18383
6873
17263
22131
2266
26018
19093
5634
15231
7791
4069
17555
8359
22090
24875
1165
17408
9283
21831
20766
6229
26859
22169
15328
8825
20018
19027
10637
9383
10819
11479
26432
4745
18445
13094
8576
20308
6879
2548
25900
17965
9875
17287
26196
16289
25469
24686
12731
21421
24989
22196
23685
1873
22106
10332
5490
5697
5998
14286
11012
20798
6926
11642
8858
16594
10198
15385
941
12208
23319
4531
7566
7857
12604
7712
26264
13818
24573
8430
18449
8187
20280
9617
4907
12679
14974
24097
5828
22986
12073
19028
24634
4116
15935
23820
13804
4309
19306
18146
16771
17541
11708
18011
2652
19299
17251
11168
17268
18793
17659
12887
14146
16279
10373
14848
7198
618
21963
3360
14929
5812
578
3758
15506
5457
2201
2094
16103
20235
10796
11106
20787
16872
8622
17875
2405
3765
9049
1161
22191
15692
22405
24382
14887
9565
10972
18867
4112
25345
22319
5157
14757
24432
2767
20461
2880
21952
25771
12232
22426
5306
22817
18504
13352
5654
495
13367
7810
2132
6018
1667
26861
7720
26319
16202
24122
20128
17514
19870
20306
4752
19003
19512
8788
23953
3213
23738
9060
16812
5004
20195
2188
7642
13892
2957
22128
5722
22198
10913
26300
3654
1612
6357
18487
25033
4585
4914
12417
17194
4251
17441
23460
10131
2171
13959
1330
19849
12709
18633
8323
23589
3358
3330
15518
5600
3886
23993
10070
6742
2403
21884
26227
20158
13772
21500
12739
13948
2556
24389
20447
16836
20652
9206
12123
5242
11385
4351
21623
18676
7090
2386
20119
25108
26415
13719
217
13209
11148
22119
3628
6114
9865
2623
15132
4754
7329
18571
5127
13061
464
3408
12945
19254
311
5558
23200
18079
26290
3969
11366
21743
25281
19442
17682
7565
8847
1988
6997
16942
11409
25608
26481
12462
16373
12789
11667
15147
18329
15967
16546
23634
10200
23642
16842
6260
5208
12214
21761
14746
21750
23815
11511
11488
13696
20010
17841
22822
20782
26156
15970
23328
8689
24816
16185
26778
13824
13838
7158
929
20025
772
12494
7539
7454
20685
10575
10846
11161
15681
2827
19618
12775
4059
20822
20959
11563
6698
13093
25788
15212
7478
10574
12513
16751
11934
1982
15320
21366
14593
25119
12681
13724
10983
17437
9432
5851
13140
11562
717
25759
17791
7039
19819
10176
4604
13964
10305
2301
2007
9580
22610
18299
13919
4010
15568
9277
4723
2787
1691
11838
1114
10398
9150
949
8739
15010
16728
20373
19089
4132
1094
17952
18986
26279
2958
14262
3756
8011
18254
15240
4238
2461
14808
1583
4273
9980
25529
4364
24719
3007
9161
6384
3935
11064
18351
5791
24160
5243
5353
14650
26644
23064
1839
10748
18642
10938
7799
5371
25348
4125
15076
25944
18510
24856
2140
13960
9262
16209
22565
7073
20019
19046
2015
9903
24141
8087
11822
21231
1903
4930
20596
25721
14488
14550
13913
20024
11453
5432
21872
16040
7634
18049
371
14423
2203
25523
1272
24417
1805
25992
22110
9349
25138
18897
16374
7265
15190
25639
10638
10142
11679
2026
10659
15366
967
11050
10958
23018
15027
22792
16514
17742
1876
11959
2534
21381
20111
19880
18462
14145
463
3062
17011
20784
8015
26527
10742
20512
5091
18576
15667
6992
24514
24755
4512
16331
6321
851
16584
7854
22095
18739
338
18022
21314
8444
16447
6343
15381
23277
18706
25465
24820
8086
2964
20081
3015
22216
903
15237
20337
3479
1407
26539
11036
21599
25074
12882
22632
2543
17169
9599
6887
5876
16608
3777
22804
8474
23057
6827
10242
23512
9037
7958
8171
12238
18774
23052
5100
19808
23520
5037
15316
21727
4685
1036
15215
22071
16682
5692
5017
23235
22882
15455
2819
80
8365
15208
14819
20200
23610
848
299
8783
18306
21191
24733
19597
19371
15360
21934
8919
2051
3209
11034
18176
21416
17327
11348
10030
10809
18239
8295
2379
2725
4835
522
14037
3452
22546
16179
26274
10314
7877
19596
9844
5890
18983
25013
7434
12204
9225
22318
17522
18906
1185
5237
25671
18344
11147
5497
11067
26339
6610
20707
15921
7775
7267
16848
24955
4588
5141
16975
18443
16688
19643
5877
8217
12881
24862
10000
20926
17210
25223
306
25398
21824
26876
6762
4294
6862
13002
17897
17151
8812
23218
22604
26528
22194
15878
23739
14470
23184
20986
16856
25034
12722
16613
12592
24673
23992
26899
940
3575
20185
19496
20540
5010
2705
20761
5189
19228
2172
17588
10036
2715
16822
1564
7274
15784
7196
14038
9892
23735
24593
20585
9837
24661
11508
12479
17274
22725
15057
15754
10985
2764
7042
18612
1102
21892
8561
8800
19321
9991
9128
19790
9239
10498
8693
26504
26328
6813
20954
11932
22409
924
8348
16578
26250
16550
8552
24362
23765
23053
18486
9122
23679
14508
11901
3290
25820
19564
12068
21547
22998
14466
1235
19542
1244
26352
11358
23891
8078
878
21553
20410
1163
18961
12888
13808
2962
5564
8310
17764
7997
12067
15818
14514
1574
2728
24768
24428
7397
9864
2542
19687
10016
11078
10350
20442
21887
13201
5149
5678
9684
12602
26093
19222
3237
7277
26386
25402
15235
16649
21877
19412
3942
480
26636
5955
26603
17342
2103
6808
17317
6081
14498
6529
1391
552
6943
12145
25688
17617
156
19889
21383
19936
11149
22001
1008
16720
4583
24669
10205
314
25233
9755
22688
20332
3230
18
2759
5414
10853
24044
19191
646
4349
7535
1867
21740
4013
16823
1074
4684
25077
437
11568
14696
23976
14614
9372
3743
19691
22423
1610
2217
26785
7559
724
10599
5417
15210
26546
9772
17070
21379
3629
18370
22979
19832
16589
25624
23306
24304
8580
23503
596
2636
13363
24824
24148
21123
23103
13522
13268
13795
6230
19906
20281
6017
7091
8981
17205
1434
2275
14666
13781
22531
24933
11111
16377
4861
24724
11295
8275
6291
21746
24103
23399
11335
10453
13836
5110
6307
9660
17611
8498
9336
22506
22567
9530
4665
22644
9567
6554
60
15546
21921
253
8610
12795
23096
15453
25016
20414
18526
18955
22980
6126
15853
5493
23259
2824
15659
21436
528
9925
4693
734
6489
133
16754
12822
9199
16010
10045
16437
18082
19378
11006
5205
18598
21955
8565
3246
20101
3285
318
23325
3645
12586
4846
5763
14074
13521
1859
26788
7891
25993
21502
5007
26557
18978
24204
5323
11830
24858
7519
26491
2112
3300
15831
3006
1662
1879
25828
18850
17294
5800
24349
2610
20964
10879
9689
9267
25515
17609
4326
9281
15458
229
4098
5839
13611
12936
26499
7850
5554
24981
9743
22259
1706
2795
12352
13174
3884
2284
13971
24836
22653
736
732
14623
7493
16166
17720
4053
10123
17941
16686
21110
21063
6641
10263
5693
4085
22271
10489
17624
18891
9022
1121
26525
15682
3424
17431
9338
17666
25258
14916
22954
25097
10378
6650
22448
25964
3694
16278
16571
5503
11820
13083
13933
7896
11811
999
7578
22647
12039
14748
10522
18160
20399
6378
11971
22205
6254
20129
7224
5892
12120
6475
40
21961
26564
14969
16262
19156
2459
9215
18376
26413
12122
11889
19805
5436
4661
18871
19984
24393
12037
141
12247
4675
2341
16617
67
9536
15433
21004
1861
25741
19514
3563
19577
19703
11989
23475
13605
25243
4478
21274
26535
18561
5078
2919
24695
11703
21141
8533
22555
22548
25321
661
9506
8471
5228
14715
24355
26819
22742
3286
21342
1708
10188
1599
374
1321
7733
18554
11765
14691
18652
23105
7346
10902
11752
22133
26913
13517
13809
23244
7888
16491
7152
9977
3905
21204
26852
24585
21404
4537
19489
25904
3241
10067
19589
6267
15951
13648
20012
11526
20584
5669
14092
8423
4580
18800
2580
23211
17085
806
7804
9247
14869
7393
11520
1367
958
20334
23710
19139
3345
7363
2267
26436
14721
25742
12144
19534
813
17302
4655
11675
24089
17560
1369
4633
14766
14524
23405
13870
23238
23723
23111
4758
15919
22939
23322
14107
1891
13656
962
130
18930
22370
19407
15749
218
26260
10724
10434
24015
9236
9700
11475
26472
984
9541
25968
8299
25731
3627
24069
7682
25823
8933
1298
18637
13224
18599
24874
15401
3549
10927
10894
17801
18857
22981
6282
19827
7262
21930
10669
4129
23912
10078
4625
7017
24337
12372
10462
23316
5862
6589
14018
18325
5135
22454
4810
407
3475
18390
15494
17486
8472
22952
17838
23214
20014
17143
13657
12505
20273
10396
17580
1439
24513
24339
24454
12028
2489
14253
12985
2408
20245
20289
23673
20262
21238
19958
13644
12482
14670
23975
17103
26920
1836
1648
19172
220
14221
15843
2183
1871
19858
2431
2806
1343
61
418
22073
284
15955
13215
19213
15437
25449
897
2717
2016
18766
2891
8743
8939
20656
10756
18609
939
15555
20502
14105
17008
6305
11397
10055
1467
12730
23502
24345
3673
17084
20029
20834
18346
14420
14934
26914
23079
19163
24157
5289
5233
7303
14678
6689
11984
5076
24276
283
22
19784
10593
11730
4900
18331
8041
13033
4555
21106
1556
1921
15032
11564
16537
2615
4557
19747
13248
9241
15886
26752
19950
23609
23034
19516
1930
15439
18530
7981
21000
26143
23704
4771
5309
26478
6310
18704
22815
1784
9400
15991
16523
20849
8859
5088
21926
2137
7300
25435
10616
7376
6811
20786
23663
13578
159
19998
14972
5000
2729
10419
17672
13409
12917
25626
18121
4815
23180
3548
19252
16049
22578
19557
15686
17657
3005
9756
12100
11712
24150
15718
9610
9482
2066
18844
5962
3302
18340
9873
1922
23952
5380
11724
10175
17794
5346
21029
10023
10874
6370
16795
12012
18962
26897
5695
25254
3031
18127
5480
22931
14346
916
7438
1711
11215
8298
12980
65
19173
17178
23811
22266
24128
16784
10429
21272
6281
19261
15814
24159
18516
10730
19227
3404
23172
5067
7685
12765
6417
11504
24576
2411
23759
1923
254
9508
22664
24001
15128
6812
17184
10598
4896
2947
10270
22397
16915
697
3099
7742
9556
9670
15398
21991
15050
15280
13073
7632
22167
25428
26086
16481
19754
16626
15086
19859
539
5258
17505
6984
2441
5765
7676
18679
22881
11194
16225
13735
24865
20752
20131
280
691
8230
18024
10973
7930
8412
12508
5694
11126
13647
21953
18350
1386
21002
14586
4918
18209
2174
7993
5779
25405
9588
1155
2058
24918
25932
3320
26404
13269
17771
7315
3218
7719
8778
13898
1483
21375
1192
16652
26446
18976
14456
5912
5119
7847
26419
15061
11644
16054
20925
19923
24679
152
10560
7229
11383
8443
21839
15290
11466
17209
26702
26456
18920
3087
3742
12152
13308
1461
6936
7480
15508
20397
12890
16770
5509
14394
22189
2227
9356
3405
14275
25568
3837
1072
17394
13501
17874
26884
26918
3009
15820
25547
340
1651
10343
12673
4686
21601
21530
5764
17447
16263
11606
11766
17971
3048
26437
5031
8507
12509
9344
24985
1926
4769
14006
3663
13566
24107
21695
24563
12099
481
6838
8630
4047
19066
8901
18638
23724
3901
7990
23420
12474
25894
12309
5978
18125
1388
26779
24916
19202
14995
9918
2345
21325
6659
18904
14499
17029
19165
11942
2735
14291
12419
2231
19522
9072
3704
10817
1792
4423
7897
17030
1449
8570
26697
1558
16107
2703
16336
3104
11576
6344
10988
2000
12187
18611
13086
20357
8775
8185
16235
19974
19856
16694
12863
6853
16051
25071
3060
18118
10623
20180
24415
15127
12105
11381
5344
9640
6387
5063
22291
10338
9
5071
8887
4159
1503
4382
5379
9368
13368
7048
24591
13427
3080
5308
7833
6466
15470
24987
9954
26074
9190
431
18258
17992
17062
14538
15195
3992
6122
24419
14057
2907
18284
26285
14049
19650
22552
24438
16895
18252
17694
7419
10925
18925
23977
15596
25801
21866
1216
6978
14260
25215
16696
13764
20508
12411
16811
9882
21021
4924
24533
26689
14252
26680
19249
17200
7066
23449
8786
15111
22573
3754
26034
6197
10415
19767
12360
624
5009
25739
21843
273
16126
24019
13431
10106
18746
5070
26194
24828
8033
7226
25956
7044
12058
7812
3898
11237
931
13575
14818
20269
24740
20877
5952
1098
21447
12975
15781
5332
1603
21423
21333
21790
8994
6286
8814
25675
26830
13117
6543
1754
22208
23360
10276
10904
12091
6225
20591
2056
7827
25886
25889
16667
20813
24756
21858
406
10365
15715
15655
12477
26719
7562
10283
23546
24759
1334
25536
14017
12660
6848
15956
16551
25606
1450
16952
8927
21919
9399
11404
17501
6935
14208
10677
5750
17895
7611
15102
24832
9752
5568
24145
10293
2331
24294
26171
15709
4345
6109
23873
3393
3816
7471
6173
18691
2260
15728
26878
16176
6113
10752
1928
26417
15894
17844
21642
4240
16419
18858
4139
10179
25653
215
19157
5714
23785
15757
12071
10389
22141
21356
15744
26609
21874
25955
9176
22561
1268
24961
13290
9547
5679
9436
14035
26597
18759
19336
7430
19019
14127
4152
2925
2695
14856
408
11539
6312
4838
12044
11890
4819
1110
12207
3812
10601
11239
10889
23713
24667
3678
4122
13906
16493
23085
25709
19593
25452
14871
4634
3434
12740
1221
15838
17218
18044
867
14622
15323
5624
6632
18993
11780
16483
23131
15613
10412
7892
16369
13642
7710
17557
5569
14542
1207
14163
12966
22082
1857
22520
19256
16285
20924
12489
3524
17416
21280
8057
2319
21596
4993
14319
17241
21632
22702
563
13212
18035
24643
9375
5748
17888
9658
24869
7643
21013
8289
8312
19417
4333
24285
16878
23732
12589
22030
14952
4275
6318
18650
21343
17865
13165
24741
1128
11847
8021
24379
12530
23060
26066
3646
20969
9417
8747
13469
17976
25257
1003
25811
5910
2663
18966
18623
4314
16601
10216
16702
24046
22054
20563
491
26898
16478
25208
9226
3761
21852
17730
11264
13150
3
2460
10339
7851
2662
22901
13979
4746
23276
8133
17053
19375
24721
14903
6553
22161
4619
8910
1865
2618
11470
10804
18597
10984
23002
3552
8479
26694
25937
4475
16624
26726
553
11907
19258
22861
14504
7628
19607
6890
18754
4946
7653
7387
20673
4611
9271
10224
13491
10876
11031
5928
11657
15411
10528
20943
11936
4966
17697
5543
7730
20922
23736
9181
25978
21372
923
23974
18631
9366
20918
15347
6212
12288
16774
20679
22302
24055
3466
18802
5525
24821
11698
14879
17198
6207
8399
6570
13258
26803
11852
6032
22389
17515
9117
25172
21022
9836
25226
17065
24041
13007
19957
17689
5211
20254
520
22595
13984
12629
18423
16223
25887
22566
21653
9734
10764
15881
748
2752
21578
13283
5482
10463
19838
9234
447
6882
16465
6894
25899
24191
12440
14572
6154
8404
7932
25888
12644
26469
8566
25582
13477
14892
9811
1023
16971
17360
23423
15158
12180
21678
8406
7660
10642
12013
25058
10548
3947
5960
8721
17957
11373
13600
579
12435
4203
13664
6471
1376
24760
17148
20804
22391
853
12128
20746
12715
23350
3001
19055
13934
6381
6875
14111
12599
16256
4629
7622
24265
5008
126
4471
3162
13177
100
23872
17947
4937
21160
7592
3716
21
26800
3122
19503
13597
7641
21144
20988
6366
400
12459
2226
11152
15250
2811
20963
7331
1767
15601
25339
9727
25492
20210
19583
17387
12029
883
13988
12672
26334
15149
4584
13482
26621
11796
19721
25755
8881
12493
19008
19945
23929
17613
5001
12558
24447
20130
17565
19325
2247
20432
11280
14329
21215
19543
23656
23921
11197
14258
6059
14763
7208
17013
24909
14578
15503
8670
20788
17213
4688
18214
9716
6571
9835
24283
21804
4767
24163
9645
10237
9237
21630
1209
24020
1470
17071
15256
16909
5850
19682
951
11101
10527
844
23602
19956
21742
5660
7272
15375
10905
12878
16
10915
13080
19447
4021
1073
1821
6194
10917
398
13595
17255
5116
10847
15006
24422
6837
21478
10827
18286
518
11913
11596
10977
6818
15583
15739
26517
404
19021
21768
6014
26804
4776
26908
16024
20038
6688
3698
5164
6269
11931
13317
21676
5643
4340
21403
8867
16150
15227
19110
12763
1115
22784
24937
21941
9902
17554
9851
15395
2928
2312
5107
12365
6849
12401
24133
5030
11848
1236
3526
25971
10058
18895
24351
11597
19326
21990
3334
4355
16391
12821
2232
16532
22511
55
14462
174
19341
17964
12182
24474
23401
15364
5631
3004
24905
19092
5126
13008
26409
16323
21939
26443
13956
11878
5867
18579
6163
13136
22603
11278
15976
15649
9188
16104
8067
5798
14334
26982
21629
18308
25177
17356
7016
15174
10011
17182
26885
24635
5073
16665
5003
247
8280
7462
15883
7414
22058
7664
25186
20669
15084
23049
18508
18267
4387
16430
14893
15193
8709
18076
24174
26856
19698
24383
9487
6680
11091
1501
21208
10542
53
21771
1820
2394
4290
4444
6414
21035
2631
6224
14875
7671
16264
22681
10942
23848
11054
15773
14584
26342
15024
23371
18215
3217
9935
15117
15785
21769
23574
12576
25122
5720
8484
885
21176
19197
8201
18480
8608
6302
1338
9149
25466
809
25024
10710
4985
10663
23694
21807
1186
24147
7517
12311
12063
3172
22408
14084
24731
24308
15345
26079
22438
4503
8145
18195
19518
22064
16828
11986
4933
5545
17423
26618
16108
21406
10215
17919
7012
17535
9978
9866
22220
5084
13378
3168
935
9802
1453
13708
11911
5251
9164
10033
14606
11952
10487
8578
7880
9799
12953
6979
6448
4046
22368
20852
16169
25425
22322
2755
23956
11872
22611
20573
5843
26776
20178
17270
9512
2396
7773
12698
6326
20932
17094
20355
23272
23788
16071
12791
22471
10547
11548
15723
4615
6839
17197
22204
20819
18621
21128
7976
7316
1853
17452
24009
7257
15309
14108
17940
16415
26082
1775
10050
24476
2550
7298
10459
26112
25586
15441
12444
8402
12048
17463
25357
20345
9549
1769
25451
22945
10177
7508
10535
19893
5222
12897
22399
26657
21670
24053
21327
6905
17395
25432
26873
2326
8880
4401
15989
10272
23346
7992
21251
26023
21683
7709
11428
3869
2684
10425
23842
13465
24750
11891
594
14832
2834
25990
5673
4599
9771
12157
10910
7163
24384
12468
3350
21438
15424
19098
19625
21113
1183
16360
11491
18683
8286
25341
21598
23042
25366
3038
20728
16906
23838
4987
2038
23608
3745
18661
14289
6331
25460
11274
19479
4223
5933
11093
16188
26108
14249
20989
2017
12528
12919
17411
621
6236
2208
20886
24117
9648
6906
211
7149
6025
23422
7287
2294
23225
5852
15081
10640
18323
6491
18567
21615
7803
24460
15418
2295
1474
21508
6920
19794
14590
13184
11355
20329
476
2768
15030
25472
12790
8347
24357
8692
17902
19954
19851
25690
701
1843
11843
18896
2309
21116
1076
19324
10807
26916
2024
26487
19255
3092
760
5776
24795
10164
10914
15946
21873
22675
13402
6030
4155
19558
12465
831
16991
3858
14990
2584
6271
16489
20008
2412
8659
22846
11551
23559
2502
23186
8911
23117
7151
5536
1677
10729
21516
10130
24728
2064
6028
5664
13160
5675
12798
458
2654
21848
14203
2268
12453
20203
22731
20875
26997
22654
8076
11759
1129
16306
5630
7750
8265
6167
23295
1704
18247
12148
15909
2234
15264
14738
9770
26951
11016
2393
7526
8734
9269
9986
9427
11745
22048
8262
6785
2781
18345
22617
10937
14937
16938
1962
26027
16144
6470
15822
6393
23805
18216
19806
12825
25807
12801
21003
11024
21354
26993
4369
3522
17680
11960
22107
21949
21581
11702
21350
10855
6878
2909
18087
25705
21462
1980
25354
16450
4596
11997
26259
1353
4170
1943
22551
22559
10497
7410
23435
15272
9306
13103
9238
7787
19195
25484
20923
24543
18861
13383
24892
16163
14755
945
16953
2328
15431
23939
25023
14189
3024
20173
25970
11837
4036
22063
7557
3994
23836
4772
7138
24815
4029
10989
7844
17551
14458
4397
14577
9343
5140
10831
26581
24180
7595
23795
4468
26401
11549
11248
19047
15539
25564
7301
16689
22242
7778
221
6527
19627
17199
22171
10954
13515
21775
18262
14977
25173
20633
16315
19248
24960
22621
16383
19052
15080
12726
1016
18756
7007
20436
6497
3894
9175
15414
25256
16244
1425
12090
18880
21969
13557
10815
1280
26313
5328
5786
11364
23177
15326
10743
16497
5512
13550
18170
1145
13603
8324
20708
12403
2455
15469
19791
14173
13616
11600
8411
1300
5399
8491
19439
11887
5882
10690
5576
5835
12691
10622
6413
9503
25060
17014
16837
3127
19386
14015
10689
7223
12359
6718
18518
13447
10144
22097
22808
16707
3697
10872
16833
21332
13466
15279
11603
4797
10723
18470
17305
6458
17892
15996
6349
2128
3786
10395
12031
9324
2503
3271
3435
20972
7015
22474
13333
16204
13281
15931
17455
3521
5681
12525
24332
14122
2381
4458
23966
23289
22008
26642
356
2372
17751
24926
13288
16367
19508
23407
5677
3196
25931
5567
12780
11699
2143
21947
10382
1872
24324
7588
18819
17021
16616
26892
686
435
4578
22493
21534
18810
23878
5881
2155
13643
15311
13278
23989
2581
19734
727
26841
3278
7291
718
12923
21975
26310
827
20209
15972
15426
19869
22886
25874
10798
10685
26489
16722
18154
7102
13249
9952
7762
11118
26299
26302
5794
12627
20917
26595
16016
13835
25805
24736
18440
2087
3257
26097
12692
13590
8839
9051
17348
20564
17227
19141
2675
23654
16448
26230
688
16498
443
2557
13632
25925
22663
22019
23043
24154
12196
19792
11987
2097
4078
18381
2421
6723
4168
22243
6091
19729
8833
12784
6191
21795
18378
12689
9890
3995
3342
21513
4414
12667
3760
17129
14558
1140
21745
18094
21860
9255
15879
20893
15181
25227
16123
5197
23741
2988
11845
13348
9901
9193
2839
10645
13122
4877
509
22489
14220
4545
2553
1281
6644
15415
9223
1179
24518
23100
4750
4353
18901
7922
18357
18547
14718
8577
5187
3722
13541
13488
11153
11824
2697
11612
22662
21773
18313
22791
21704
25211
11559
22640
20425
25442
16241
7022
21112
14840
13614
3443
10712
18716
17031
24078
6562
7094
10590
15716
9666
22280
19675
17997
24780
25476
12130
3688
12014
6671
22498
14075
1870
17826
19051
24582
7408
25458
22045
24594
1875
17967
3809
17598
8257
8789
7001
16098
16871
26452
8516
3647
21759
5686
23885
5450
24696
3603
23125
11868
18310
8073
22677
13133
1776
6340
1809
17398
12829
15751
11259
16881
23414
13295
393
8034
10012
20546
9550
20881
19290
512
18797
8819
25998
10301
5633
22049
12643
4892
20181
2252
5277
12630
20641
19200
8109
11331
18988
23409
4210
18807
6781
7615
4358
6402
24812
22126
14870
10250
26484
6214
9642
26017
22336
10267
24826
26634
2168
21049
22235
18881
2736
11918
12688
25778
16787
25400
26866
25869
5662
3238
25073
9454
24684
9232
4237
7725
21157
22854
17760
15419
18699
24523
10140
11854
5854
436
7496
14730
2428
19153
22281
11255
5787
18656
12480
1028
17706
19800
19174
26939
11695
23801
14796
11977
9723
25230
23535
21916
469
13846
24580
7221
6251
670
15880
17977
14528
22579
5684
5927
10181
23243
4156
759
15954
19600
26658
23321
20232
22891
26207
3478
16816
4259
15153
14805
10562
12967
11290
2659
17443
2469
2510
7143
240
14502
25893
15615
11867
16068
12216
25804
26246
22470
5618
6412
11316
23433
5020
19112
4860
9413
13689
11513
7279
15892
8264
26858
18785
165
17502
17321
8821
2156
15510
10656
13653
9146
22261
13220
22717
6604
9962
20115
14188
12370
4500
24072
601
4592
8893
4151
107
22823
7325
2320
22884
9786
24400
25896
24923
16869
20017
23963
22083
14786
1777
6786
17944
5214
7585
10731
17092
3962
7183
7734
24497
19201
15513
2831
9537
5364
22554
17135
14829
16569
3229
24973
4487
25294
11415
8229
26448
16675
1738
198
3879
10154
14530
15447
8181
2187
5864
4820
17782
1737
26500
18263
22499
16266
10795
16911
14020
24115
19915
20803
21999
12406
21901
22730
1582
7560
12951
17950
11141
8925
3149
1108
24155
19115
23296
5807
19285
11379
22798
3421
22907
20082
22696
15230
22737
2937
13916
24838
2052
9577
3641
17701
3076
12625
8820
21320
1365
26049
11711
25816
19774
14302
19091
12308
9904
23176
26582
3668
23988
17335
24478
19502
20456
23179
15619
19515
11159
4725
25330
12771
7472
7390
26586
11038
18110
9398
18943
6803
23482
15402
10631
3540
12125
2817
9067
2653
1479
19877
12388
25810
19176
3776
7823
1985
26854
5059
19356
17109
8061
1134
3445
12081
4804
16249
17171
18119
9961
25507
6726
15791
12991
25027
10461
2434
24984
24531
16645
19023
10735
8921
3700
14641
2924
12926
9191
24138
23116
14681
10696
1228
9573
24833
23318
11489
6621
20204
23327
9300
7926
13419
10315
18788
25509
14820
24534
20816
9806
2868
25057
6972
21675
3059
25573
25053
4052
12661
26971
12668
11463
6661
13706
23607
17578
21363
22618
7626
13279
17325
8413
3630
10740
9228
20571
23188
13938
6474
14693
14288
18181
19090
10672
9066
19614
11532
25409
5112
454
20097
3624
10634
20956
10337
22534
13070
8177
23038
19750
6871
8330
20336
15586
18086
12669
9099
19011
2698
19610
8604
22339
8493
10264
6845
5792
1080
145
15708
25960
13855
16829
2830
17133
23365
10931
3803
1260
8197
21937
25299
24013
11779
9525
14970
14341
22592
25284
5474
5516
3412
14987
20153
8470
14993
25221
21448
10269
16221
21385
17830
12601
542
2213
4821
25207
18557
26598
25503
6289
3755
18730
26679
7969
16607
16579
151
9594
2672
13284
2480
12010
25581
10733
21850
12611
7465
18017
15884
9880
10258
18418
23830
19837
16984
24710
6668
8115
8356
1874
19855
12519
25443
23778
26444
7944
89
9494
24492
2972
20114
6623
3189
5888
20320
23191
2452
362
19797
18266
26178
19723
11505
7561
592
17750
18226
13680
15409
4308
17231
8769
13627
17958
8807
5533
18200
3227
12830
15515
15482
23016
16455
16950
22514
12114
15477
954
11003
8883
22985
6009
6566
2984
17702
16951
18053
13192
12865
25661
13130
535
16355
17222
25055
2923
14827
21042
22111
12979
2794
775
15216
9878
479
3897
2601
2895
8240
20084
9172
1517
3192
16149
1801
19185
14159
2903
19857
17825
16445
11506
24348
11361
19164
1294
4198
23568
17106
13213
2913
24259
16231
8044
6734
22938
22206
17664
7211
2723
4943
6049
23169
23937
18204
6102
5566
2971
24920
10769
9881
8909
7225
12531
2202
17901
26384
25150
20021
12222
16147
4590
9440
11115
1804
3805
24775
23813
15916
1417
106
3052
2194
19935
14618
14212
17244
20437
9915
6429
16651
1356
25935
24401
15939
2105
17872
6253
15930
20090
21711
8002
22461
25104
24256
10718
3055
3982
8105
12906
16384
5462
10713
14573
9827
16050
7444
15997
24693
26754
22992
20381
16902
21362
8340
5118
14640
22209
7694
13896
19071
7936
15302
6769
6250
26114
17873
2738
9253
17336
24464
23722
9480
3494
497
24317
10955
2046
5264
9674
19265
825
9409
9626
10722
597
26047
13733
6955
712
17567
18636
20938
8668
19058
5249
410
16344
5083
4344
14315
23155
11974
15183
543
8527
13338
3617
10916
9304
8671
6472
898
7747
19436
5981
14537
10370
7314
11190
22078
15558
642
18560
17593
25793
25416
16776
11933
23841
23009
25779
24904
18007
8425
549
20420
24801
24176
5098
17688
19366
503
13950
3953
1538
21263
19114
22773
11030
25344
4461
13532
23592
13949
13790
2458
12254
16928
25269
8301
23492
1725
9812
14487
5056
17117
18826
19215
26036
16303
1806
23603
9656
19400
24302
2877
5183
20801
1416
17649
13747
21018
26698
19473
9870
24676
5619
18469
4264
4322
18233
14083
13468
20515
9504
778
11900
17585
4252
1122
7708
26659
25086
23254
16197
24181
5844
6666
20725
6168
20423
20777
14326
7033
19401
11167
26265
11408
18773
9360
5470
7446
8379
16865
7003
7691
22344
14361
25427
5068
23653
13490
23388
1024
820
5688
17985
26100
26183
14971
124
8486
10940
18133
16252
18910
6749
17732
